image: map_14-03_v2.pgm
resolution: 0.050000
origin: [-28.102054, -43.421545, 0.0]
negate: 0
occupied_thresh: 0.65
free_thresh: 0.196
